11
12
14
16
18
19
110
111
112
113
114
115
116
117
118
120
121
122
123
124
125
126
127
129
230
231
232
233
234
235
236
237
238
240
241
242
243
244
245
246
247
248
249
250
251
253
254
255
357
358
359
360
361
362
363
364
365
366
367
368
369
370
371
372
373
374
375
376
377
378
379
380
481
482
483
484
485
486
487
488
489
490
491
492
493
494
495
496
497
498
499
4100
4101
4102
4103
4104
5105
5106
5107
5108
5109
5110
5111
5112
5113
5114
5115
5116
5117
5118
5119
5120
5122
5123
5124
5125
5126
5127
5128
5129
6130
6131
6132
6133
6135
6136
6137
6138
6139
6140
6141
6142
6143
6144
6145
6146
6147
6148
6149
6150
6151
6152
6153
6154
7156
7157
7159
7161
7162
7163
7164
7165
7166
7167
7168
7169
7170
7171
7172
7174
7175
7176
7178
7179
7180
7181
7182
7183
8184
8185
8186
8187
8188
8189
8190
8191
8192
8193
8194
8195
8196
8197
8198
8199
8200
