SAMPLE	intercept	mean
1	56.67	57.9
2	60.26	58.14
4	55.14	57.79
6	60.7	62.91
8	55.08	57.89
9	56.7	58.39
10	58.3	62.27
11	62.74	62.71
12	65.58	65.68
13	61.65	65.05
14	56.85	58.61
15	61.99	64.95
16	60.5	62.26
17	60.45	61.01
18	63.79	66.62
20	60.11	62.1
21	59.7	60.46
22	63.01	64.59
23	NA	NA
24	62.01	65.22
25	59.9	65.06
26	58.58	62.04
27	60.67	65.32
29	61.89	63.75
30	63.82	68.17
31	47.12	54.49
32	53.33	58.59
33	59.34	60.41
34	57.34	60.15
35	57.65	60.82
36	61.7	61.01
37	60.6	66
38	57.088	62.72
40	53.07	57.46
41	53.16	53.8
42	50.92	55.8
43	52.98	55.53
44	54.1	55.58
45	59.42	68.79
46	54.46	56.25
47	53.48	54.46
48	54.84	56.59
49	56.79	57.64
50	53.09	55.18
51	55.36	55.78
53	56.09	56.39
54	54.56	56.4
55	54.88	55.68
57	66.88	69.51
58	67.5	66.67
59	69.85	68.5
60	69.73	70.42
61	65.33	69.53
62	55.51	56.47
63	55.68	57.73
64	58.22	61.26
65	64.41	66.31
66	66.84	68.86
67	62.27	64.33
68	65.68	66.99
69	58.58	60.94
70	62.41	63.9
71	59.82	62.43
72	61.57	62.86
73	60.45	63
74	55.63	58.81
75	54.21	60.7
76	56.35	59.12
77	58.63	56.42
78	57.15	63.44
79	55.9	59.45
80	57.32	57.21
81	56.9	58.49
82	57.96	57.9
83	61.08	65.67
84	58.79	63.23
85	63.46	63.71
86	58.17	62.27
87	55.91	58.05
88	59.33	62.36
89	58.61	61.93
90	59.18	60.16
91	55.74	58.22
92	58.92	61.87
93	54.3	56.95
94	61.84	63.86
95	65.02	68.03
96	57.08	59.65
97	59.76	62.49
98	60.66	62.65
99	63.75	65.18
100	60.63	61.24
101	61.3846	67.56
102	58.3968735632184	60.88
103	63.4929655172414	66.7
104	60.6685517241379	62.06
105	56.0480229885057	59.13
106	59.2104187192118	61.93
107	53.2991954022989	55.67
108	58.9667126436782	62.52
109	57.2916551724138	58.84
110	57.2445057471264	57.81
111	57.0791264367816	58.75
112	60.4400689655172	62.83
113	64.4550574712643	62.88
114	55.8391264367816	59.21
115	55.5985517241379	57.2
116	59.8239770114942	63.56
117	63.584367816092	64.53
118	62.1612183908046	64.45
119	60.4271954022988	62.44
120	65.0496781609195	65.68
122	62.6733793103448	65.09
123	61.8470574712643	60.51
124	59.1521149425287	59.04
125	56.1354712643678	58.16
126	62.0667586206896	65.1
127	57.3069655172414	56.52
128	63.2543448275862	66.55
129	60.5891264367816	62.11
130	61.7480229885057	63.6
131	57.2471954022988	62.41
132	57.1705517241379	60.95
133	56.2150574712643	57.67
135	58.7486436781609	61.13
136	61.8254482758621	64.56
137	60.0731034482759	60.4
138	58.8858390804598	61.76
139	62.7057931034483	63.88
140	49.0362528735632	56.19
141	55.8074022988505	59.05
142	69.7975396825397	66.74
143	61.5679540229885	63.72
144	58.5809655172414	60.84
145	64.3821379310345	66.83
146	63.8455172413794	63.71
147	61.7927586206896	61.95
148	61.1681379310345	63.32
149	59.9453333333333	63.41
150	62.0708505747126	64.16
151	63.1577471264368	69.41
152	59.0801379310345	59.46
153	54.5135862068965	61.58
154	56.0596781609196	56.85
156	56.6788735632184	58.22
157	56.933448275862	60.29
159	55.8279770114942	57.66
161	57.9624137931034	58.01
162	62.199908045977	63.78
163	58.3173333333333	62.08
164	62.2010804597701	62.76
165	58.7161149425287	58.95
166	58.6354942528736	62.47
167	58.6592413793104	61.82
168	59.9721149425288	62.05
169	63.889724137931	67.55
170	62.3600919540229	64
171	64.7596551724138	66
172	56.5147126436782	62.47
174	61.8426896551724	68.57
175	58.7697701149425	61.12
176	57.6036781609195	57.92
178	65.6781379310345	68.25
179	63.2786436781609	68.28
180	63.0932183908046	66.03
181	66.6880459770115	67.64
182	65.3442528735632	70.91
183	66.9425287356322	63.45
184	64.2042528735632	68.51
185	60.3704137931034	64.83
186	59.7774942528736	63.02
187	62.3368735632184	65.65
188	57.7886896551725	59.79
189	61.6504827586207	64.82
190	56.5349655172414	60.66
191	60.4360000000001	62.19
192	58.3154022988505	69.81
193	59.9597011494253	63.07
194	66.0809655172414	68.32
195	62.0865057471264	66.31
196	65.5948275862069	70
197	60.6494022988505	63.63
198	64.5021839080459	75.15
199	60.5474022988506	62.24
200	51.9585057471264	54.44
201	63.208183908046	66.12
202	58.996551724138	57.35
203	54.4482068965517	58.57
204	58.0033333333333	59.75
205	58.018091954023	59.17
206	56.001632183908	59.65
207	59.0001609195402	61.24
208	57.7209425287356	59.7
209	57.9489425287356	62.15
210	58.2349195402299	60.18
212	57.8816781609196	61.08
213	56.3390804597701	62.72
214	56.5718620689655	59.33
215	69.2805287356322	67.18
216	58.6171264367816	60.92
218	62.9197011494253	65.83
219	56.9705747126437	61.02
220	62.8030114942529	65
221	56.4252873563219	61.3
222	60.595908045977	62.49
223	63.5737241379311	65.15
224	62.7115632183908	65.59
225	59.1454482758621	61.58
226	61.9610114942528	62.23
227	54.9131954022988	59.83
228	51.1563678160919	57.98
229	55.9193333333333	57.14
230	59.1960459770115	64.01
231	57.5505287356322	59.73
232	66.1975172413793	69.08
233	61.3907356321839	63.54
234	64.6055172413793	64.71
235	67.1928735632184	70.07
236	67.3328965517242	68.24
237	63.515908045977	66.31
238	62.9113103448276	66.61
239	64.5901379310345	67.28
240	65.9406206896552	67.33
241	60.2488735632184	66.16
242	60.5278620689656	61.08
243	58.7184367816092	60.35
244	54.0851954022989	57.63
245	58.7527816091954	61.69
247	58.8345287356322	60.63
248	54.2436091954023	57.43
249	55.1137011494253	56.64
250	55.9115172413793	59.67
251	55.7510344827586	55.81
252	60.3992413793103	65.63
253	58.812091954023	64.25
254	55.998321839080504	59.7
255	59.7354712643678	66.45
256	66.4383218390804	68.35
259	55.9065057471264	70.31
260	68.7483000000001	65.48
261	54.5748045977012	59.55
262	58.7856781609195	64.18
263	59.1393793103449	59.91
264	50.8051494252873	56.29
265	57.533632183908	68.34
266	57.5234022988506	63.04
267	54.6293103448276	63.48
268	67.4540229885058	75.91
269	58.1469885057471	62.77
270	54.4662298850575	57.93
271	56.3353333333333	58.37
272	54.3969425287357	56.24
273	53.4450344827586	56.57
274	63.2754942528736	69.8
275	54.9975172413793	58.79
276	57.1737701149425	61.87
277	61.4203448275862	65.79
278	NA	NA
280	55.630459770115	56.32
281	51.3168965517241	52.67
282	56.5081379310344	57.86
283	58.583724137931	59.23
284	55.4042528735632	56.17
285	57.0904827586207	59.08
286	56.7921379310344	57.76
287	57.9175632183908	60.49
288	53.8029195402299	56.19
289	61.9438390804598	62.93
290	52.7396091954023	55.24
291	56.7810574712644	59.93
292	54.1744827586207	57.82
293	58.3133793103448	59.57
294	57.662	60.79
295	55.9005287356322	59.42
296	56.2186666666667	58.53
297	55.3550804597701	56.73
298	58.1250574712644	62.61
299	66.4508965517241	70.41
300	60.5841149425287	63.46
301	60.6755632183908	64.47
302	63.0976091954023	65.4
303	57.7888505747127	61.56
304	59.2460459770115	62.68
306	58.9511494252873	63.06
307	60.5806206896552	64.53
308	60.9749425287356	63.15
309	60.5917701149425	63.31
310	58.1770574712644	60.75
311	57.3239540229885	59.78
312	58.398	65.9
313	55.2531724137931	59.16
314	61.1198620689655	65.98
315	58.3229195402299	61.06
316	61.8326896551724	62.62
317	59.5280689655172	62.06
318	63.5398390804598	64.46
319	60.726091954023	61.67
320	60.0991954022989	62.49
321	63.6025517241379	65.07
322	64.4273103448276	65.3
323	61.4855172413793	63.41
324	58.6828045977011	61.17
326	65.1005057471264	66.86
327	51.4664827586207	56.68
328	51.579724137931	55.82
329	64.8284367816092	68.17
330	53.6294712643678	54.78
331	59.4652183908047	61.7
332	62.4823218390804	68.44
333	56.4947816091954	60.05
334	55.9765287356322	58.83
335	58.8665287356322	62.48
336	55.007448275862	58.77
337	59.451632183908	60.92
338	61.7739540229885	64.81
339	56.5865287356322	61.38
340	66.0795726495727	65.34
341	56.2214022988506	58.58
342	62.0775632183908	66.07
343	61.8775632183908	65.82
344	65.9222068965517	68.43
345	66.2734482758621	71.24
346	57.1740689655172	60.73
347	58.4306896551724	70.79
348	56.9426666666667	60.83
349	57.1074022988506	58.79
350	63.9200689655172	61.02
351	56.274091954023	57.58
352	61.0178620689655	63.89
353	61.770367816092	62.53
354	59.1907126436782	62
355	63.4702068965517	64.32
356	66.9125747126437	63.32
357	58.2050793650794	63.22
358	56.4811724137931	64.46
359	61.1305747126437	64.65
360	66.1663678160919	71.15
361	54.4800689655172	56.52
362	61.361632183908	63.61
363	56.6165517241379	59.25
364	58.3527586206897	61.34
365	60.3121609195402	66.61
366	60.5772183908046	62.73
367	57.0120459770115	64.21
368	62.3175172413793	65.66
369	55.6855632183908	59.44
370	61.8959310344828	66.16
371	63.4708275862069	65.33
372	60.8866436781609	63.28
373	63.2461379310345	66.13
374	63.9884827586207	65.59
375	57.7466896551724	61.27
376	60.8242298850575	63.34
377	65.8184827586207	63.88
378	62.5355862068965	62.76
379	57.9881609195402	61.31
380	59.4953103448276	61.64
381	59.4843448275862	56.04
382	54.2088735632184	61.15
383	54.6548275862069	59.62
384	57.0591264367816	61.7
385	59.0190344827586	65.29
386	61.4586896551724	65.38
387	58.7163908045977	60.89
388	56.79	59.87
389	73.2609425287356	68.36
390	56.5853563218391	60.09
391	55.695724137931	58.96
392	58.0627126436781	62.09
393	75.178	67.52
394	51.1669425287356	55.39
395	55.781908045977	59.17
396	57.3540229885057	56.99
397	54.2477471264367	56.27
398	54.5268965517241	56.98
399	61.3171921182266	58.62
400	53.1917471264368	54.85
